0000000104031XP VIDA E PREVIDENCIA S.A.                                  20240731005000001                                                                                                                                                           
01000002040310000124064                                                                       20220321                                                                                                                                                                                                                                                     20220321               20220321                                                                                                                                                                                                                                            20220321000000                                                                                     N                                                                                                                                                                                           
020000030403100001240640120150804000000000066611000000000101379                                                                                                                                                                       
020000040403100001240640120150904000000000165000000000000248356                                                                                                                                                                       
020000050403100001240640120151005000000000165000000000000245050                                                                                                                                                                       
020000060403100001240640120151109000000000165000000000000242680                                                                                                                                                                       
020000070403100001240640120151208000000000165000000000000239930                                                                                                                                                                       
020000080403100001240640120160107000000000165000000000000236533                                                                                                                                                                       
020000090403100001240640120160211000000000190000000000000268422                                                                                                                                                                       
020000100403100001240640120160311000000000190000000000000266122                                                                                                                                                                       
020000110403100001240640120160408000000000209857000000000290054                                                                                                                                                                       
020000120403100001240640120160506000000000209857000000000286678                                                                                                                                                                       
020000130403100001240640120160608000000000209857000000000283107                                                                                                                                                                       
020000140403100001240640120160711000000000209857000000000280007                                                                                                                                                                       
020000150403100001240640120160808000000000209857000000000277247                                                                                                                                                                       
020000160403100001240640120160906000000000209857000000000273926                                                                                                                                                                       
020000170403100001240640120161006000000000209857000000000271325                                                                                                                                                                       
020000180403100001240640120161110000000000209857000000000269012                                                                                                                                                                       
020000190403100001240640120161208000000000209857000000000265289                                                                                                                                                                       
020000200403100001240640120170111000000000209857000000000265289                                                                                                                                                                       
020000210403100001240640120170211000000000209857000000000268080                                                                                                                                                                       
020000220403100001240640120170306000000000209857000000000265985                                                                                                                                                                       
020000230403100001240640120170407000000000209857000000000263121                                                                                                                                                                       
020000240403100001240640120170504000000000209857000000000261346                                                                                                                                                                       
020000250403100001240640120170612000000000209857000000000258725                                                                                                                                                                       
020000260403100001240640120170710000000000209857000000000256775                                                                                                                                                                       
020000270403100001240640120170809000000000209857000000000253727                                                                                                                                                                       
020000280403100001240640120170911000000000209857000000000251487                                                                                                                                                                       
020000290403100001240640120171004000000000209857000000000250176                                                                                                                                                                       
020000300403100001240640120171113000000000209857000000000248834                                                                                                                                                                       
020000310403100001240640120171206000000000209857000000000247694                                                                                                                                                                       
020000320403100001240640120180104000000000214741000000000252002                                                                                                                                                                       
020000330403100001240640120180206000000000214741000000000250304                                                                                                                                                                       
020000340403100001240640120180312000000000214741000000000248899                                                                                                                                                                       
020000350403100001240640120180405000000000214741000000000247931                                                                                                                                                                       
020000360403100001240640120180510000000000214741000000000247204                                                                                                                                                                       
020000370403100001240640120180611000000000214741000000000247461                                                                                                                                                                       
020000380403100001240640120180709000000000214741000000000245721                                                                                                                                                                       
020000390403100001240640120180810000000000214741000000000244263                                                                                                                                                                       
020000400403100001240640120180910000000000214741000000000243814                                                                                                                                                                       
020000410403100001240640120181009000000000214741000000000241442                                                                                                                                                                       
020000420403100001240640120181106000000000214741000000000239568                                                                                                                                                                       
020000430403100001240640120181210000000000214741000000000238300                                                                                                                                                                       
020000440403100001240640120190111000000000230546000000000254023                                                                                                                                                                       
020000450403100001240640120190211000000000230546000000000252691                                                                                                                                                                       
020000460403100001240640120190306000000000230547000000000251524                                                                                                                                                                       
99000047000001                                                                                                                                                                                                                                                                                  
